{
 "cells": [
  {
   "cell_type": "code",
   "execution_count": 3,
   "metadata": {},
   "outputs": [],
   "source": [
    "import pandas as pd"
   ]
  },
  {
   "cell_type": "code",
   "execution_count": 7,
   "metadata": {},
   "outputs": [],
   "source": [
    "diamonds_train =  pd.read_csv('train.csv')"
   ]
  },
  {
   "cell_type": "code",
   "execution_count": 8,
   "metadata": {},
   "outputs": [
    {
     "data": {
      "text/html": [
       "<div>\n",
       "<style scoped>\n",
       "    .dataframe tbody tr th:only-of-type {\n",
       "        vertical-align: middle;\n",
       "    }\n",
       "\n",
       "    .dataframe tbody tr th {\n",
       "        vertical-align: top;\n",
       "    }\n",
       "\n",
       "    .dataframe thead th {\n",
       "        text-align: right;\n",
       "    }\n",
       "</style>\n",
       "<table border=\"1\" class=\"dataframe\">\n",
       "  <thead>\n",
       "    <tr style=\"text-align: right;\">\n",
       "      <th></th>\n",
       "      <th>id</th>\n",
       "      <th>carat</th>\n",
       "      <th>cut</th>\n",
       "      <th>color</th>\n",
       "      <th>clarity</th>\n",
       "      <th>depth</th>\n",
       "      <th>table</th>\n",
       "      <th>x</th>\n",
       "      <th>y</th>\n",
       "      <th>z</th>\n",
       "      <th>price</th>\n",
       "    </tr>\n",
       "  </thead>\n",
       "  <tbody>\n",
       "    <tr>\n",
       "      <th>0</th>\n",
       "      <td>0</td>\n",
       "      <td>0.53</td>\n",
       "      <td>Very Good</td>\n",
       "      <td>G</td>\n",
       "      <td>SI1</td>\n",
       "      <td>63.4</td>\n",
       "      <td>54.0</td>\n",
       "      <td>5.09</td>\n",
       "      <td>5.13</td>\n",
       "      <td>3.24</td>\n",
       "      <td>7.057</td>\n",
       "    </tr>\n",
       "    <tr>\n",
       "      <th>1</th>\n",
       "      <td>1</td>\n",
       "      <td>0.41</td>\n",
       "      <td>Ideal</td>\n",
       "      <td>D</td>\n",
       "      <td>SI1</td>\n",
       "      <td>63.0</td>\n",
       "      <td>56.0</td>\n",
       "      <td>4.80</td>\n",
       "      <td>4.75</td>\n",
       "      <td>3.01</td>\n",
       "      <td>6.824</td>\n",
       "    </tr>\n",
       "    <tr>\n",
       "      <th>2</th>\n",
       "      <td>2</td>\n",
       "      <td>0.32</td>\n",
       "      <td>Ideal</td>\n",
       "      <td>I</td>\n",
       "      <td>VS2</td>\n",
       "      <td>61.6</td>\n",
       "      <td>56.0</td>\n",
       "      <td>4.37</td>\n",
       "      <td>4.39</td>\n",
       "      <td>2.70</td>\n",
       "      <td>6.107</td>\n",
       "    </tr>\n",
       "    <tr>\n",
       "      <th>3</th>\n",
       "      <td>3</td>\n",
       "      <td>0.31</td>\n",
       "      <td>Ideal</td>\n",
       "      <td>H</td>\n",
       "      <td>VVS2</td>\n",
       "      <td>61.2</td>\n",
       "      <td>56.0</td>\n",
       "      <td>4.34</td>\n",
       "      <td>4.37</td>\n",
       "      <td>2.66</td>\n",
       "      <td>6.390</td>\n",
       "    </tr>\n",
       "    <tr>\n",
       "      <th>4</th>\n",
       "      <td>4</td>\n",
       "      <td>1.35</td>\n",
       "      <td>Premium</td>\n",
       "      <td>J</td>\n",
       "      <td>VS2</td>\n",
       "      <td>60.5</td>\n",
       "      <td>56.0</td>\n",
       "      <td>7.19</td>\n",
       "      <td>7.12</td>\n",
       "      <td>4.33</td>\n",
       "      <td>8.741</td>\n",
       "    </tr>\n",
       "  </tbody>\n",
       "</table>\n",
       "</div>"
      ],
      "text/plain": [
       "   id  carat        cut color clarity  depth  table     x     y     z  price\n",
       "0   0   0.53  Very Good     G     SI1   63.4   54.0  5.09  5.13  3.24  7.057\n",
       "1   1   0.41      Ideal     D     SI1   63.0   56.0  4.80  4.75  3.01  6.824\n",
       "2   2   0.32      Ideal     I     VS2   61.6   56.0  4.37  4.39  2.70  6.107\n",
       "3   3   0.31      Ideal     H    VVS2   61.2   56.0  4.34  4.37  2.66  6.390\n",
       "4   4   1.35    Premium     J     VS2   60.5   56.0  7.19  7.12  4.33  8.741"
      ]
     },
     "execution_count": 8,
     "metadata": {},
     "output_type": "execute_result"
    }
   ],
   "source": [
    "diamonds_train.head()"
   ]
  },
  {
   "cell_type": "code",
   "execution_count": 9,
   "metadata": {},
   "outputs": [
    {
     "data": {
      "text/html": [
       "<div>\n",
       "<style scoped>\n",
       "    .dataframe tbody tr th:only-of-type {\n",
       "        vertical-align: middle;\n",
       "    }\n",
       "\n",
       "    .dataframe tbody tr th {\n",
       "        vertical-align: top;\n",
       "    }\n",
       "\n",
       "    .dataframe thead th {\n",
       "        text-align: right;\n",
       "    }\n",
       "</style>\n",
       "<table border=\"1\" class=\"dataframe\">\n",
       "  <thead>\n",
       "    <tr style=\"text-align: right;\">\n",
       "      <th></th>\n",
       "      <th>id</th>\n",
       "      <th>carat</th>\n",
       "      <th>depth</th>\n",
       "      <th>table</th>\n",
       "      <th>x</th>\n",
       "      <th>y</th>\n",
       "      <th>z</th>\n",
       "      <th>price</th>\n",
       "    </tr>\n",
       "  </thead>\n",
       "  <tbody>\n",
       "    <tr>\n",
       "      <th>id</th>\n",
       "      <td>1.000000</td>\n",
       "      <td>-0.006186</td>\n",
       "      <td>-0.002316</td>\n",
       "      <td>-0.010840</td>\n",
       "      <td>-0.005675</td>\n",
       "      <td>-0.004038</td>\n",
       "      <td>-0.005649</td>\n",
       "      <td>-0.004040</td>\n",
       "    </tr>\n",
       "    <tr>\n",
       "      <th>carat</th>\n",
       "      <td>-0.006186</td>\n",
       "      <td>1.000000</td>\n",
       "      <td>0.025261</td>\n",
       "      <td>0.182888</td>\n",
       "      <td>0.974744</td>\n",
       "      <td>0.950639</td>\n",
       "      <td>0.948895</td>\n",
       "      <td>0.920846</td>\n",
       "    </tr>\n",
       "    <tr>\n",
       "      <th>depth</th>\n",
       "      <td>-0.002316</td>\n",
       "      <td>0.025261</td>\n",
       "      <td>1.000000</td>\n",
       "      <td>-0.298380</td>\n",
       "      <td>-0.028188</td>\n",
       "      <td>-0.032829</td>\n",
       "      <td>0.091738</td>\n",
       "      <td>-0.000533</td>\n",
       "    </tr>\n",
       "    <tr>\n",
       "      <th>table</th>\n",
       "      <td>-0.010840</td>\n",
       "      <td>0.182888</td>\n",
       "      <td>-0.298380</td>\n",
       "      <td>1.000000</td>\n",
       "      <td>0.197226</td>\n",
       "      <td>0.185480</td>\n",
       "      <td>0.150606</td>\n",
       "      <td>0.159950</td>\n",
       "    </tr>\n",
       "    <tr>\n",
       "      <th>x</th>\n",
       "      <td>-0.005675</td>\n",
       "      <td>0.974744</td>\n",
       "      <td>-0.028188</td>\n",
       "      <td>0.197226</td>\n",
       "      <td>1.000000</td>\n",
       "      <td>0.973473</td>\n",
       "      <td>0.966374</td>\n",
       "      <td>0.957934</td>\n",
       "    </tr>\n",
       "    <tr>\n",
       "      <th>y</th>\n",
       "      <td>-0.004038</td>\n",
       "      <td>0.950639</td>\n",
       "      <td>-0.032829</td>\n",
       "      <td>0.185480</td>\n",
       "      <td>0.973473</td>\n",
       "      <td>1.000000</td>\n",
       "      <td>0.946517</td>\n",
       "      <td>0.934832</td>\n",
       "    </tr>\n",
       "    <tr>\n",
       "      <th>z</th>\n",
       "      <td>-0.005649</td>\n",
       "      <td>0.948895</td>\n",
       "      <td>0.091738</td>\n",
       "      <td>0.150606</td>\n",
       "      <td>0.966374</td>\n",
       "      <td>0.946517</td>\n",
       "      <td>1.000000</td>\n",
       "      <td>0.931147</td>\n",
       "    </tr>\n",
       "    <tr>\n",
       "      <th>price</th>\n",
       "      <td>-0.004040</td>\n",
       "      <td>0.920846</td>\n",
       "      <td>-0.000533</td>\n",
       "      <td>0.159950</td>\n",
       "      <td>0.957934</td>\n",
       "      <td>0.934832</td>\n",
       "      <td>0.931147</td>\n",
       "      <td>1.000000</td>\n",
       "    </tr>\n",
       "  </tbody>\n",
       "</table>\n",
       "</div>"
      ],
      "text/plain": [
       "             id     carat     depth     table         x         y         z  \\\n",
       "id     1.000000 -0.006186 -0.002316 -0.010840 -0.005675 -0.004038 -0.005649   \n",
       "carat -0.006186  1.000000  0.025261  0.182888  0.974744  0.950639  0.948895   \n",
       "depth -0.002316  0.025261  1.000000 -0.298380 -0.028188 -0.032829  0.091738   \n",
       "table -0.010840  0.182888 -0.298380  1.000000  0.197226  0.185480  0.150606   \n",
       "x     -0.005675  0.974744 -0.028188  0.197226  1.000000  0.973473  0.966374   \n",
       "y     -0.004038  0.950639 -0.032829  0.185480  0.973473  1.000000  0.946517   \n",
       "z     -0.005649  0.948895  0.091738  0.150606  0.966374  0.946517  1.000000   \n",
       "price -0.004040  0.920846 -0.000533  0.159950  0.957934  0.934832  0.931147   \n",
       "\n",
       "          price  \n",
       "id    -0.004040  \n",
       "carat  0.920846  \n",
       "depth -0.000533  \n",
       "table  0.159950  \n",
       "x      0.957934  \n",
       "y      0.934832  \n",
       "z      0.931147  \n",
       "price  1.000000  "
      ]
     },
     "execution_count": 9,
     "metadata": {},
     "output_type": "execute_result"
    }
   ],
   "source": [
    "diamonds_train.corr()"
   ]
  },
  {
   "cell_type": "code",
   "execution_count": null,
   "metadata": {},
   "outputs": [],
   "source": []
  }
 ],
 "metadata": {
  "kernelspec": {
   "display_name": "Python 3",
   "language": "python",
   "name": "python3"
  },
  "language_info": {
   "codemirror_mode": {
    "name": "ipython",
    "version": 3
   },
   "file_extension": ".py",
   "mimetype": "text/x-python",
   "name": "python",
   "nbconvert_exporter": "python",
   "pygments_lexer": "ipython3",
   "version": "3.8.6"
  }
 },
 "nbformat": 4,
 "nbformat_minor": 4
}
